[22,27,16,2,18,6] --> Insertion Sort 

1-  [22,27,16,2,18,6]
2-  [22,27,16,2,18,6]
3-  [16,22,27,2,18,6]
4-  [2,16,22,27,18,6]
5-  [2,16,18,22,27,6]
6-  [2,6,16,18,22,27]

Big-O -->  n+(n-1)+(n-2)+(n-3)+(n-4)+1=(n(n+1))/2
Big-O = n^2

Dizi sıralandıktan sonra 18 sayısı dizinin ortasında
olduğundan average case kapsamına girer. 

[7,3,5,8,2,9,4,15,6] --> Selection Sort

1- [7,3,5,8,2,9,4,15,6]
2- [2,3,5,8,7,9,4,15,6]
3- [2,3,4,8,7,9,5,15,6]
4- [2,3,4,5,7,9,8,15,6]
5- [2,3,4,5,6,9,8,15,7]
6- [2,3,4,5,6,7,8,15,9]
7- [2,3,4,5,6,7,8,9,15]